** Vizio LCD (Middle) **

Decoded NEC: 0x20DF10EF (32 bits)  - Vizio Power Button

Raw (68): 8850 -4450 550 -550 550 -550 550 -1700 550 -550 550 -550 550 -550 550 -550 550 -550 550 -1650 550 -1650 550 -550 550 -1650 550 -1700 550 -1650 550 -1650 550 -1650 550 -550 550 -550 550 -550 550
-1650 550 -600 550 -550 550 -550 550 -550 550 -1650 550 -1650 550 -1650 550 -550 550 -1650 550 -1700 550 -1650 550 -1650 550

** Insignia LCD Panel (Left Monitor) **

61A0F00F

Decoded NEC: 61A0F00F (32 bits)  (Power button)

Raw (68): 8900 -4450 550 -550 550 -1700 550 -1650 550 -550 550 -550 550 -600 550 -550 550 -1650 550 -1700 550 -550 550 -1650 550 -600 550 -550 550 -550 550 -600 550 -550 550 -1650 550 -1700 550 -1650 550 -1650 550 -60
0 550 -550 550 -550 550 -600 550 -550 550 -550 550 -550 550 -600 550 -1650 550 -1650 550 -1700 550 -1650 550
